   75600.000  -19200.000  -25600.002   19200.000  -50000.000       0.000       0.000       0.000       0.000       0.000       0.000       0.000
  -19200.000   14400.000   19200.000  -14400.000       0.000       0.000       0.000       0.000       0.000       0.000       0.000       0.000
  -25600.002   19200.000  101200.000       0.000       0.000       0.000  -25600.002  -19200.000  -50000.000       0.000       0.000       0.000
   19200.000  -14400.000       0.000   95466.664       0.000  -66666.664  -19200.000  -14400.000       0.000       0.000       0.000       0.000
  -50000.000       0.000       0.000       0.000  125600.000  -19200.000  -50000.000       0.000  -25600.002   19200.000       0.000       0.000
       0.000       0.000       0.000  -66666.664  -19200.000   81066.664       0.000       0.000   19200.000  -14400.000       0.000       0.000
       0.000       0.000  -25600.002  -19200.000  -50000.000       0.000  101200.000       0.000       0.000       0.000  -25600.002   19200.000
       0.000       0.000  -19200.000  -14400.000       0.000       0.000       0.000   95466.664       0.000  -66666.664   19200.000  -14400.000
       0.000       0.000  -50000.000       0.000  -25600.002   19200.000       0.000       0.000  125600.000  -19200.000  -50000.000       0.000
       0.000       0.000       0.000       0.000   19200.000  -14400.000       0.000  -66666.664  -19200.000   81066.664       0.000       0.000
       0.000       0.000       0.000       0.000       0.000       0.000  -25600.002   19200.000  -50000.000       0.000   75600.000  -19200.000
       0.000       0.000       0.000       0.000       0.000       0.000   19200.000  -14400.000       0.000       0.000  -19200.000   14400.000
  101200.000       0.000       0.000       0.000  -25600.002  -19200.000  -50000.000       0.000       0.000
       0.000   95466.664       0.000  -66666.664  -19200.000  -14400.000       0.000       0.000       0.000
       0.000       0.000  125600.000  -19200.000  -50000.000       0.000  -25600.002       0.000       0.000
       0.000  -66666.664  -19200.000   81066.664       0.000       0.000   19200.000       0.000       0.000
  -25600.002  -19200.000  -50000.000       0.000  101200.000       0.000       0.000  -25600.002   19200.000
  -19200.000  -14400.000       0.000       0.000       0.000   95466.664       0.000   19200.000  -14400.000
  -50000.000       0.000  -25600.002   19200.000       0.000       0.000  125600.000  -50000.000       0.000
       0.000       0.000       0.000       0.000  -25600.002   19200.000  -50000.000   75600.000  -19200.000
       0.000       0.000       0.000       0.000   19200.000  -14400.000       0.000  -19200.000   14400.000
       0.000       0.000       0.000       0.000      53.000       0.000       0.000       0.000     -10.000
